100000000 100000000 1500
65460000 15459999
68028000 18028000
60982666 10982666
22476001 72476001
34546000 84546000
90188000 59812000
43896667 6103334
82732001 32732001
60950666 10950666
38344000 88344000
8247334 58247334
40750000 90750000
72780666 22780666
40898001 9102001
60860667 89139334
46031333 96031333
14809334 64809334
61626667 88373334
90064667 40064667
36144666 86144666
15500001 65500001
14210666 35789333
29856000 79856000
75579333 74420666
13519334 63519334
75140001 25140001
75934001 25934001
67086001 82914001
35580001 14420001
77399333 72600666
52980667 97019334
85866000 64134000
53564001 96436001
6868667 56868667
38271333 88271333
93163333 56836666
82140000 67860000
54353334 95646667
14726667 64726667
88661334 38661334
50120000 119999
66678666 16678666
29840001 20160001
90061333 59938666
17987333 32012666
27161999 22838001
89481334 39481334
99710667 49710667
82931334 32931334
51878666 1878666
39140666 89140666
19856666 30143333
97508000 52492000
56472667 93527334
4981334 54981334
62497333 12497333
51132000 1132000
11515334 61515334
5023334 55023334
98799333 51200666
2041334 52041334
26429333 76429333
51664001 98336001
27177334 22822667
37307333 87307333
86446667 36446667
30603999 19396001
24847333 25152666
46146666 96146666
69777334 80222667
79999333 70000666
52460666 2460666
59710000 9710000
44330001 5670001
22753334 72753334
9840667 59840667
32312000 82312000
75177333 74822666
77867333 72132666
3908666 46091333
34474001 15526001
58163334 91836667
73003334 76996667
55494666 5494666
43564667 6435334
74650666 24650666
6720000 43280000
54431333 4431333
4629333 45370666
8712666 41287333
64886666 14886666
85746666 64253333
54445334 95554667
28467333 78467333
6872666 43127333
94006001 44006001
9876001 59876001
95814667 45814667
86849333 63150666
9138001 59138001
88102000 61898000
54508667 95491334
12754666 37245333
75939333 74060666
2917334 52917334
68938666 18938666
71570000 21570000
94188667 44188667
23054000 26946000
38387334 11612667
87679334 37679334
12701333 37298666
64356000 14356000
49179333 99179333
7274667 57274667
89218666 60781333
52706666 2706666
29592001 20408001
29420001 20580001
726666 49273333
77917334 27917334
6572001 56572001
18339333 31660666
71900666 21900666
31161334 18838667
20129333 29870666
65556666 15556666
10610001 60610001
40639334 9360667
3581334 53581334
40147333 90147333
19857334 69857334
19256000 30744000
40820666 90820666
31038000 81038000
76993334 26993334
25375333 75375333
89920666 60079333
81570666 68429333
66543333 16543333
44906667 5093334
91086666 58913333
34648666 84648666
55041334 94958667
16332667 66332667
19786000 30214000
17602001 67602001
97543333 52456666
29956000 79956000
36114000 86114000
40030667 9969334
17928000 32072000
75068666 74931333
69742666 19742666
44752001 5248001
25249334 24750667
64275334 85724667
32183334 17816667
19750000 30250000
94169334 44169334
59387333 9387333
50232667 99767334
60438667 89561334
65414000 15414000
67825334 82174667
79856667 29856667
43738000 93738000
20517999 70518001
17009333 32990666
51817334 98182667
734001 50734001
31223334 18776667
9151334 59151334
47994667 2005334
59741334 90258667
44760000 94760000
43245333 93245333
20888666 29111333
72697334 77302667
19005334 69005334
36248001 13752001
64476001 85524001
62600001 87400001
13094000 36906000
54219333 4219333
10776000 39224000
88898000 61102000
25812667 24187334
9531333 40468666
14056000 64056001
18726000 31274000
48476667 1523334
4711334 54711334
96823333 53176666
75792666 74207333
51626667 98373334
59609334 90390667
77408000 72592000
71396000 21396000
80493334 30493334
15582000 65582001
30818000 80818000
63591333 13591333
16034001 66034001
8836667 58836667
75996666 74003333
11687334 61687334
154000 49846000
76639333 73360666
93258667 43258667
5006667 55006667
25881334 24118667
26547333 76547333
9539333 40460666
86976000 63024000
99844001 49844001
70148666 20148666
89980001 39980001
75389333 74610666
60768666 10768666
50479333 479333
42266666 92266666
7142666 42857333
51394000 1394000
79439334 29439334
53993333 3993333
26122666 76122666
5838667 55838667
98022667 48022667
52738001 97262001
31218667 18781334
36780666 86780666
95416667 45416667
25394666 75394666
62058000 12058000
67982667 82017334
368667 50368667
22886667 72886667
65103333 15103333
86863334 36863334
12927334 62927334
83938667 33938667
80388000 69612000
10926666 39073333
10160666 39839333
76799334 26799334
18694666 31305333
19100001 69100001
60814667 89185334
71385334 78614667
72201333 22201333
5201333 44798666
23174001 73174001
46910000 96910000
21077334 71077334
56658001 93342001
77914000 72086000
50113333 113333
62361333 12361333
27523334 22476667
63898666 13898666
86200666 63799333
77807334 27807334
50734000 734000
70200666 20200666
15922666 34077333
29955333 79955333
92992666 57007333
19074000 30926000
48850667 1149334
52491334 97508667
10944666 39055333
15660667 65660667
18285333 31714666
73865334 76134667
59231334 90768667
27388666 77388666
35333333 85333333
27712000 77712000
34845333 84845333
9449333 40550666
9875333 40124666
18708667 68708667
930666 49069333
51931333 1931333
39022667 10977334
26447333 76447333
50341333 341333
69845334 80154667
37157333 87157333
31950001 18050001
57346667 92653334
31957333 81957333
84723333 65276666
351333 49648666
50428667 99571334
3946001 53946001
19598666 30401333
61164667 88835334
59157334 90842667
57184000 7184000
35164666 85164666
70126666 20126666
76108666 73891333
22488000 27512000
50207333 207333
52091333 2091333
8843334 58843334
53824000 3824000
82464667 32464667
32807334 17192667
34506667 15493334
59646667 90353334
74732000 24732000
84572666 65427333
2469333 47530666
62666001 87334001
55338667 94661334
71560001 78440001
9232666 40767333
76039333 73960666
68468001 81532001
22090666 27909333
44629333 94629333
62528001 87472001
12957333 37042666
47926000 97926000
20517334 70517334
98306000 51694000
10955333 39044666
90176667 40176667
49380000 99380000
57526001 92474001
33620667 16379334
37236001 12764001
6646001 56646001
87710001 37710001
55036000 5036000
81804000 68196000
64054666 14054666
98910000 51090000
24523333 25476666
8211333 41788666
32875333 82875333
25216666 75216666
69911334 80088667
98031334 48031334
660000 49340000
24896000 25104000
8733333 41266666
76970001 26970001
30415334 19584667
66549334 83450667
52009334 97990667
75086667 25086667
2594000 47406000
6256666 43743333
31635333 81635333
63568001 86432001
2558667 52558667
70094667 79905334
8707334 58707334
20662000 29338000
26528001 23472001
17936666 32063333
63613334 86386667
64120000 14120000
42558000 92558000
94013333 55986666
51236666 1236666
40498667 9501334
41086000 91086000
14328667 64328667
64310667 85689334
87782667 37782667
29408667 20591334
61486000 11486000
51590667 98409334
55221333 5221333
90657334 40657334
62061333 12061333
79948666 70051333
62873334 87126667
16999334 66999334
85838001 35838001
62270001 87730001
22032666 27967333
99678000 50322000
90021333 59978666
23168000 26832000
86164001 36164001
47804667 2195334
55672001 94328001
34964666 84964666
17964001 67964001
53602001 96398001
94714667 44714667
60482667 89517334
677333 49322666
77008667 27008667
98118000 51882000
36956000 86956000
69898000 19898000
50068667 99931334
75012000 74988000
3449334 53449334
90669334 40669334
30480000 80480000
43728666 93728666
59530000 9530000
92720667 42720667
1676667 51676667
38824667 11175334
78116666 71883333
82311334 32311334
94056001 44056001
71074667 78925334
38364667 11635334
41003334 8996667
2317334 52317334
24927334 74927334
59242000 9242000
20532667 70532667
9367334 59367334
41884667 8115334
46598667 3401334
64710001 85290001
95538666 54461333
69392666 19392666
52666667 97333334
53108000 3108000
44395334 5604667
58784001 91216001
89794001 39794001
16260666 33739333
47959333 97959333
29127333 79127333
16548000 66548001
10310666 39689333
97106666 52893333
34343333 84343333
84610001 34610001
17606667 67606667
74092000 24092000
62126666 12126666
87856001 37856001
58401333 8401333
92926666 57073333
95116666 54883333
76898666 73101333
43304667 6695334
12172000 37828000
68960001 81040001
71771333 21771333
14730000 64730001
17556001 67556001
16163334 66163334
96402001 46402001
9590000 40410000
6740667 56740667
82942666 67057333
90055333 59944666
97542667 47542667
52245333 2245333
19207334 69207334
91312666 58687333
53732001 96268001
93784000 56216000
17345333 32654666
24671334 74671334
57906001 92094001
92698001 42698001
29910000 79910000
3559333 46440666
32175334 17824667
28488666 78488666
23111334 73111334
27380666 77380666
47791334 2208667
81333 49918666
76657334 26657334
89947334 39947334
84522001 34522001
63088001 86912001
1673334 51673334
14360000 35640000
1400666 48599333
63200000 13200000
78290000 71710000
69225333 19225333
12858667 62858667
9819334 59819334
20556667 70556667
47496666 97496666
137334 50137334
36090001 13910001
89964666 60035333
58606001 91394001
64636666 14636666
62527333 12527333
8467333 41532666
5340667 55340667
79181334 29181334
92657334 42657334
7130000 42870000
72770666 22770666
53162667 96837334
61164666 11164666
73918667 76081334
94648000 55352000
59508000 9508000
54654001 95346001
91113334 41113334
14002666 35997333
69178000 19178000
29619333 79619333
36044001 13956000
90064666 59935333
92513333 57486666
21840667 71840667
92510000 57490000
18169333 31830666
23025334 73025334
83020666 66979333
28484001 21516001
13516000 36484000
11770666 38229333
17869334 67869334
28432666 78432666
8352667 58352667
40674001 9326001
88878667 38878667
61424001 88576001
84600666 65399333
64109334 85890667
79085334 29085334
39896667 10103334
61212001 88788001
72032666 22032666
25566001 24434001
67048666 17048666
37852667 12147334
84696666 65303333
63886667 86113334
28326000 78326000
28015334 21984667
78480001 28480001
82531334 32531334
31013334 18986667
55663334 94336667
67607333 17607333
95419333 54580666
93615333 56384666
22130000 27870000
30704666 80704666
85210001 35210001
1618667 51618667
96278667 46278667
12569334 62569334
93103334 43103334
49175333 99175333
19895334 69895334
89603334 39603334
11346001 61346001
57064666 7064666
68585333 18585333
39594666 89594666
17535334 67535334
94415334 44415334
45575334 4424667
25920667 24079334
23908000 26092000
3589334 53589334
81222001 31222001
77476667 27476667
14238667 64238667
63121333 13121333
65313333 15313333
78385334 28385334
77136000 72864000
24618000 25382000
11964667 61964667
85708666 64291333
83327333 66672666
84929334 34929334
816666 49183333
48698001 1302001
65150001 84850001
59239333 9239333
94882667 44882667
9336666 40663333
92459333 57540666
91518667 41518667
60381334 89618667
76987333 73012666
64168001 85832001
83998666 66001333
85070001 35070001
75514001 25513999
49704666 99704666
55370666 5370666
71719334 78280667
53607334 96392667
34710001 15290001
63248001 86752001
166667 50166667
5486666 44513333
13810000 36190000
28594666 78594666
66566666 16566666
4738000 45262000
65970666 15970666
44885334 5114667
57671333 7671333
21342001 71342001
24149333 25850666
69984666 19984666
89431333 60568666
25907999 24092001
4820667 54820667
45618001 4382001
18220666 31779333
14785334 64785334
60632001 89368001
60786001 89214001
88715333 61284666
89391334 39391334
21239334 71239334
48452000 98452000
35864000 85864000
36858666 86858666
45370667 4629334
68146667 81853334
46251334 3748667
19016001 69016001
37753334 12246667
27334000 77334000
72306667 77693334
11814667 61814667
91730000 58270000
63355333 13355333
98586667 48586667
73683333 23683333
14651334 64651334
30486000 80486000
65162667 84837334
89730667 39730667
78370666 71629333
58392667 91607334
78855334 28855334
87338000 62662000
71782001 78218001
29890001 20110001
381333 49618666
63364666 13364666
94626000 55374000
33952000 83952000
39317333 89317333
3442001 53442001
70559334 79440667
4358667 54358667
64700666 14700666
22105333 27894666
43874001 6126001
89354666 60645333
32016000 82016000
5566666 44433333
81520000 68480000
77213334 27213334
19787334 69787334
5256000 44744000
47088667 2911334
97396000 52604000
34591333 84591333
35191333 85191333
84134667 34134667
2573333 47426666
92217333 57782666
32831333 82831333
54582000 4582000
52288667 97711334
57534667 92465334
20623334 70623334
69734666 19734666
85871334 35871334
68264000 18264000
36476667 13523334
61923333 11923333
49606666 99606666
51192666 1192666
61073333 11073333
43110000 93110000
41142001 8858001
27685333 77685333
18497999 68498001
28195334 21804667
64233334 85766667
68366000 18366000
38988001 11012001
9610000 40390000
57689334 92310667
53456666 3456666
89006000 60994000
20452667 70452667
57875333 7875333
34522666 84522666
63383333 13383333
46139333 96139333
37025334 12974667
76242667 26242667
95643334 45643334
4550001 54550001
79454666 70545333
41786000 91786000
98252000 51748000
69701334 80298667
21604000 28396000
64260000 14260000
42480666 92480666
10859333 39140666
88736666 61263333
14379333 35620666
83888666 66111333
47229333 97229333
12838000 37162000
51223333 1223333
61414001 88586001
43254001 6746001
626666 49373333
86794667 36794667
9298667 59298667
23041333 26958666
54412666 4412666
74458666 24458666
29844000 79844000
83258666 66741333
70292666 20292666
27606000 77606000
81594000 68406000
85504666 64495333
3773333 46226666
57020001 92980001
21322666 28677333
18291334 68291334
97833333 52166666
63538666 13538666
77684000 72316000
54451334 95548667
44764667 5235334
86290001 36290001
30281334 19718667
86299333 63700666
47587334 2412667
24321333 25678666
1534667 51534667
19628667 69628667
19457333 30542666
77381334 27381334
24044667 74044667
53610666 3610666
98702667 48702667
23212000 26788000
82022666 67977333
31162000 81162000
71418667 78581334
97220667 47220667
15383333 34616666
14607334 64607334
53690667 96309334
50446666 446666
93311334 43311334
85491333 64508666
46843333 96843333
98419334 48419334
21856000 28144000
93724001 43724001
45148001 4852001
98266000 51734000
40220667 9779334
52068667 97931334
18114001 68114001
21107334 71107334
66600001 83400001
53596000 3596000
82443333 67556666
55762667 94237334
70133333 20133333
86044667 36044667
77716000 72284000
85146001 35146001
6694667 56694667
35208000 85208000
20567999 70568001
75506667 25506667
87840000 62160000
44302001 5698001
95890666 54109333
83469334 33469334
42336667 7663334
59816666 9816666
46211334 3788667
50852667 99147334
36520667 13479334
60625333 10625333
34824667 15175334
48918001 1082001
10872667 60872667
41469334 8530667
3190666 46809333
81588667 31588667
73406000 23406000
84402666 65597333
68004000 18004000
25000667 24999334
14827333 35172666
78959334 28959334
78596000 71404000
26182666 76182666
11585334 61585334
83784666 66215333
4290001 54290001
74934667 75065334
17711333 32288666
10348001 60348001
11657334 61657334
74632666 24632666
62422000 12422000
47343333 97343333
23726001 73726001
54374667 95625334
21961334 71961334
74924000 24924000
97498666 52501333
4245334 54245334
16550667 66550667
41742666 91742666
90812001 40812001
54372000 4372000
42564666 92564666
34725333 84725333
31589333 81589333
13203334 63203334
25044666 75044666
6508000 43492000
96310001 46310001
41260000 91260000
40919334 9080667
7108667 57108667
90889333 59110666
25178667 24821334
7719334 57719334
29170001 20830001
41794666 91794666
3036667 53036667
3232666 46767333
32453333 82453333
38204001 11796001
97518000 52482000
1964000 48036000
71750001 78250001
49561333 99561333
84429334 34429334
64552001 85448001
95297333 54702666
27733334 22266667
88420666 61579333
53048667 96951334
55898001 94102001
8786001 58786001
34605333 84605333
1145333 48854666
28089333 78089333
51228667 98771334
58061334 91938667
28708000 78708000
74585333 24585333
76364666 73635333
79490001 29490001
35037333 85037333
42630001 7370001
36552001 13448000
1660000 48340000
68835333 18835333
18232666 31767333
53402666 3402666
27330000 77330000
34160001 15840001
15946000 65946001
57504666 7504666
57650000 7650000
15129333 34870666
84567334 34567334
42389334 7610667
20899334 70899334
33836001 16164001
95610000 54390000
11692667 61692667
89598666 60401333
90712666 59287333
23472666 26527333
5898001 55898001
20158000 29842000
39652000 89652000
11664667 61664667
51327334 98672667
52867333 2867333
13090667 63090667
39122001 10878001
17372001 67372001
38811333 88811333
67108666 17108666
62342666 12342666
2798666 47201333
47804666 97804666
73559333 23559333
32446001 17553999
37472001 12528001
32797333 82797333
78423333 71576666
54978666 4978666
80565334 30565334
61036000 11036000
64648001 85352001
67224667 82775334
47736667 2263334
64163333 14163333
85671333 64328666
71520667 78479334
87964001 37964001
5901333 44098666
41560666 91560666
41459333 91459333
50388667 99611334
13606667 63606667
49104000 99104000
58008667 91991334
59339333 9339333
19528666 30471333
96880000 53120000
67401333 17401333
14166667 64166667
67848000 17848000
78998000 71002000
11648000 38352000
52404667 97595334
95586001 45586001
92846667 42846667
2822666 47177333
58682666 8682666
88776666 61223333
46215333 96215333
36618000 86618000
87965334 37965334
18062666 31937333
31937333 81937333
41909334 8090667
26437333 76437333
2430000 47570000
78334667 28334667
43374666 93374666
50942666 942666
52055333 2055333
38136001 11864001
9693333 40306666
88280001 38280001
18988667 68988667
31578666 81578666
91790667 41790667
41916667 8083334
39782000 89782000
61452666 11452666
19982666 30017333
68682000 18682000
75770667 25770667
83398001 33398001
47298666 97298666
65882001 84118001
93700667 43700667
67766666 17766666
13394000 36606000
86458666 63541333
75373334 25373334
74191333 24191333
84400000 65600000
47370000 97370000
45636001 4364001
91186666 58813333
20895999 70896001
75306000 74694000
15041334 65041334
95596667 45596667
18510001 68510001
12107333 37892666
84431334 34431334
81855334 31855334
84736000 65264000
33780000 83780000
48890001 1110001
52016666 2016666
41638001 8362001
530000 49470000
70626666 20626666
66413334 83586667
44151333 94151333
73462000 23462000
45070666 95070666
28674000 78674000
99490667 49490667
34703334 15296667
10946666 39053333
78200666 71799333
18129334 68129334
57381333 7381333
43999334 6000667
47814667 2185334
87865334 37865334
54397333 4397333
49150000 99150000
2184667 52184667
22358000 27642000
17326001 67326001
13436667 63436667
51486000 1486000
31324001 18676001
60665333 10665333
22254666 27745333
38605334 11394667
26022001 23978001
18345334 68345334
17148667 67148667
32222667 17777334
16342666 33657333
23923334 73923334
39822000 89822000
84119334 34119334
24745334 74745334
46199333 96199333
63123333 13123333
83485334 33485334
70798666 20798666
27396000 77396000
69556666 19556666
56886667 93113334
54742667 95257334
60944666 10944666
6584000 43416000
33970000 83970000
19439333 30560666
87735334 37735334
20844000 29156000
64478001 85522001
26326000 76326000
11792667 61792667
93819333 56180666
51470666 1470666
29940000 79940000
62491334 87508667
92884667 42884667
22678667 72678667
45244667 4755334
64786667 85213334
99678001 49678001
95790001 45790001
43128001 6872001
8366666 41633333
46810001 3190001
67259333 17259333
23683333 26316666
46220667 3779334
75052666 74947333
51970001 98030001
79068667 29068667
92417334 42417334
54847334 95152667
53822666 3822666
8196667 58196667
8203333 41796666
62377334 87622667
64466000 14466000
44948001 5052001
23338667 73338667
6690000 43310000
30656666 80656666
29333334 20666667
88464666 61535333
78622666 71377333
73069334 76930667
98276666 51723333
22900000 27100000
47347333 97347333
34984667 15015334
78823333 71176666
36594667 13405334
76768001 26767999
7872000 42128000
85458666 64541333
69657334 80342667
93873334 43873334
55106666 5106666
44018667 5981334
97344001 47344001
72906001 77094001
23530000 26470000
12354001 62354001
19770000 30230000
27031333 77031333
56120667 93879334
218667 50218667
28130000 78130000
73802667 76197334
93781333 56218666
95326667 45326667
27116666 77116666
92997333 57002666
59166667 90833334
38970000 88970000
44664001 5336001
60318667 89681334
64008666 14008666
95316001 45316001
2528667 52528667
51290666 1290666
37442667 12557334
25260000 75260000
32501999 17498001
93281333 56718666
71360666 21360666
50260666 260666
11646001 61646001
55934666 5934666
65691333 15691333
57631333 7631333
47168667 2831334
68752001 81248001
90939334 40939334
44352001 5648001
65149334 84850667
75111333 74888666
99064001 49064001
1584001 51584001
37562666 87562666
7326666 42673333
32520667 17479334
20015333 29984666
87508001 37508001
19849333 30150666
96834000 53166000
71158667 78841334
42156666 92156666
1222667 51222667
63401333 13401333
12372667 62372667
47165334 2834667
86192000 63808000
42595333 92595333
42288667 7711334
99770001 49770001
49789334 210667
64198000 14198000
95078001 45078001
57980667 92019334
60922000 10922000
17758667 67758667
88470667 38470667
73828667 76171334
38027334 11972667
58128667 91871334
53278666 3278666
83094001 33094001
51662667 98337334
3442666 46557333
24669334 74669334
53584666 3584666
55355334 94644667
16489334 66489334
28940666 78940666
50720667 99279334
11222000 38778000
6417334 56417334
76539333 73460666
40354000 90354000
52644666 2644666
17677333 32322666
22432001 72432001
62075333 12075333
85050000 64950000
62078667 87921334
56948667 93051334
63220001 86780001
35512666 85512666
4843333 45156666
30476666 80476666
34216001 15784001
52922001 97078001
88458000 61542000
46339334 3660667
89099333 60900666
6364001 56364001
38118001 11882001
98334001 48334001
53768000 3768000
70471333 20471333
23440001 73440001
18867334 68867334
10118666 39881333
94601334 44601334
21927333 28072666
87652667 37652667
52538666 2538666
51687333 1687333
38790667 11209334
93242001 43242001
1942000 48058000
93581333 56418666
59114666 9114666
38678000 88678000
14354666 35645333
78734667 28734667
61085333 11085333
67294000 17294000
3501334 53501334
14335334 64335334
55925333 5925333
33300666 83300666
59682000 9682000
90842667 40842667
54808666 4808666
82215333 67784666
74628666 24628666
41341334 8658667
40844666 90844666
50466666 466666
44443333 94443333
76049334 26049334
224666 49775333
4758666 45241333
62701333 12701333
34754000 84754000
21566000 28434000
97124666 52875333
90154000 59846000
27121334 22878667
58782667 91217334
20982000 29018000
34179333 84179333
46959333 96959333
42932666 92932666
90866001 40866001
45844667 4155334
92344667 42344667
58236001 91764001
49476001 524001
57731333 7731333
34490667 15509334
49088667 911334
48170666 98170666
75704667 25704667
82785334 32785334
38672000 88672000
16487333 33512666
28721333 78721333
15562667 65562667
94492000 55508000
3800667 53800667
63606001 86394001
68426000 18426000
39632001 10368001
8832666 41167333
37653333 87653333
99066667 49066667
44578667 5421334
91666000 58334000
73915334 76084667
87202667 37202667
59707333 9707333
88866000 61134000
61574001 88426001
75186001 25185999
47566666 97566666
73772666 23772666
79902666 70097333
11057334 61057334
19623334 69623334
84578666 65421333
59171334 90828667
28992667 21007334
32657334 17342667
51062666 1062666
82926001 32926001
25506667 24493334
83228667 33228667
73009333 23009333
10952667 60952667
69286001 80714001
35197333 85197333
65742666 15742666
24145334 74145334
4958001 54958001
59538667 90461334
26879334 23120667
47996000 97996000
47668666 97668666
10185333 39814666
38546001 11454001
72977333 22977333
27627333 77627333
87974666 62025333
11287333 38712666
63583334 86416667
63578667 86421334
37873333 87873333
23768001 73768001
55942001 94058001
94970000 55030000
49217333 99217333
38896000 88896000
62663334 87336667
11022667 61022667
2098667 52098667
50510000 510000
488667 50488667
27534667 22465334
75402001 25402001
82996001 32995999
50524000 524000
65572667 84427334
60566001 89434001
52716001 97284001
16791333 33208666
97502666 52497333
71509334 78490667
5318001 55318001
18678666 31321333
8274000 58274001
71320000 21320000
89155333 60844666
68847333 18847333
17478666 32521333
40688666 90688666
82382001 32382001
98271334 48271334
82473334 32473334
47712000 97712000
98103334 48103334
1852666 48147333
35515333 85515333
26408666 76408666
94116001 44116001
50914666 914666
78500001 28499999
65766001 84234001
75486666 74513333
13813333 36186666
24915334 74915334
19724001 69724001
63916667 86083334
49766667 233334
18591333 31408666
12579334 62579334
70078666 20078666
2700001 52700001
67942666 17942666
12087333 37912666
89325334 39325334
45881333 95881333
50298666 298666
77928001 27927999
55472000 5472000
23089333 26910666
83072666 66927333
56820000 6820000
42730667 7269334
87220667 37220667
64624000 14624000
94261333 55738666
14612000 35388000
67310667 82689334
77529333 72470666
59296666 9296666
1262000 48738000
19574667 69574667
33485333 83485333
35582000 85582000
27983333 77983333
18272666 31727333
46166000 96166000
9832667 59832667
51544666 1544666
71588001 78412001
18014667 68014667
30061333 80061333
13609334 63609334
11216000 38784000
34788666 84788666
35312667 14687334
67628666 17628666
85442000 64558000
65102667 84897334
70488001 79512001
16594000 33406000
1990666 48009333
8743333 41256666
95846666 54153333
25245334 24754667
18229334 68229334
23812001 73812001
77522666 72477333
21260000 28740000
42982001 7018001
97259333 52740666
48096000 98096000
95392000 54608000
14837334 64837334
4898667 54898667
28242000 78242000
62762666 12762666
6249333 43750666
66298001 83702001
31722666 81722666
44086666 94086666
1926000 48074000
13081333 36918666
82346000 67654000
42703334 7296667
23687999 73688001
8725334 58725334
60691333 10691333
17104666 32895333
12108001 62108001
19763333 30236666
81220666 68779333
24279333 25720666
8694001 58694001
60864666 10864666
28526001 21474001
14396001 64396001
36955333 86955333
96092001 46092001
76074000 73926000
94304667 44304667
76540666 73459333
73972000 23972000
31938000 81938000
82486666 67513333
72187334 77812667
34071334 15928667
24522001 74522001
40567334 9432667
36982666 86982666
85632000 64368000
2742667 52742667
29018667 20981334
75421334 25421334
90576001 40576001
36633334 13366667
86483333 63516666
90880666 59119333
9571334 59571334
96720000 53280000
35899334 14100667
91424666 58575333
92336001 42336001
95287334 45287334
91329334 41329334
51050000 1050000
1547334 51547334
15190667 65190667
90914667 40914667
98908001 48908001
36436666 86436666
10714001 60714001
94872667 44872667
39346667 10653334
32294666 82294666
12519333 37480666
54965333 4965333
54780000 4780000
44382667 5617334
15332666 34667333
96974000 53026000
16260001 66260001
16814000 33186000
86570000 63430000
75030666 74969333
62639333 12639333
65761334 84238667
68742000 18742000
7126666 42873333
21170666 28829333
21860667 71860667
6244667 56244667
79691333 70308666
17357333 32642666
4699333 45300666
42764000 92764000
22157334 72157334
19058001 69058001
60716667 89283334
69452001 80548001
47766001 2234001
