5 5 3
161902200 669386216 787036175 999468354
955389969 731632910 957018015 1007734
909484450 207612186 371811474 118402366
971712134 590920278 765752169 184464922
188682256 25997635 866045563 536273072
815256392 16302340 132326612 335288313
154030624 956795985 83493871 892650830
439432594 86204094 428160237 601334794
608106677 67712772 453319507 416013005
799345682 262853881 269537105 181834742
470466068 493864945 827232492 442178195
84785216 445501020 479159483 125983839
324015021 197721406 308805232 139271407
214023746 293648211 474559720 368054370
102960555 410569957 260705193 536493974
349290418 688865431 143727936 957397095
756578203 449563809 225926459 408440244
712417691 347979930 117270362 182883752
841844875 797019220 477578313 926630091
95036599 956737796 52613923 512197924
154459195 213935522 558323028 368482942
360100099 885399114 736537312 463060654
295969064 849758872 857970170 645259482
391140662 854214472 455172936 235224
303778275 533615761 408675468 663911819
