40 10 1
0 830237751
0 480912816
0 544340943
0 237454766
0 700239980
0 66369836
0 463745644
0 141186588
0 663342075
0 651907411
0 313036695
0 156597325
0 379057258
0 445463967
0 878888141
0 866686439
0 802550713
0 593907824
0 269372000
0 407553135
0 857965270
0 154797184
0 13459918
0 697268615
0 456893383
0 380001705
0 482311587
0 709533402
0 63669165
0 355611735
0 611023002
0 504199550
0 274930147
0 465498090
0 781986324
0 366430486
0 199490555
0 814178860
0 669727808
0 248172041
0 418172586
0 749067628
0 511385929
0 614369379
0 318631118
0 517612393
0 897312013
0 195744188
0 972435677
0 569060666
0 386809862
0 246889940
0 161751548
0 651767258
0 130065360
0 663133273
0 221339349
0 448722113
0 723318284
0 160296732
0 885588965
0 824119883
0 552237429
0 660175856
0 533622709
0 131611453
0 869760400
0 359249348
0 144602919
0 568024029
0 110085416
0 675422591
0 495874556
0 769182777
0 39752549
0 113658595
0 459904994
0 265791577
0 662675275
0 320773517
0 7720308
0 969246914
0 456993826
0 761509015
0 44545587
0 581297756
0 413206699
0 43604868
0 85897771
0 980790455
0 594783513
0 756024567
0 589776620
0 919347290
0 800299938
0 301266231
0 387171598
0 538017314
0 156558492
0 3311261
0 334092092
0 60767816
0 693845725
0 361412772
0 622193061
0 757910182
0 141684996
0 124181434
0 240783613
0 836429870
0 57240615
0 701620156
0 113241964
0 141093998
0 96712884
0 175937269
0 581530643
0 30620127
0 46110501
0 491220372
0 439268852
0 737796495
0 737030240
0 17448189
0 905506648
0 723930129
0 696606885
0 259675836
0 370220474
0 784682039
0 250207826
0 750254700
0 49840752
0 812147563
0 877940460
0 469287547
0 795395642
0 750679520
0 69061958
0 215272453
0 327038494
0 642348595
0 69785586
0 391043320
0 7826991
0 759455784
0 988861026
0 794806018
0 143101664
0 692202129
0 884286452
0 43284155
0 221090071
0 917140695
0 267124109
0 969753368
0 924132090
0 322840708
0 71675478
0 849949207
0 742125747
0 42570018
0 408122715
0 327237636
0 1878702
0 129815595
0 33445794
0 270879967
0 967063425
0 397204260
0 172950162
0 680866497
0 684092309
0 796032653
0 570107593
0 687786623
0 980884986
0 895736465
0 272765404
0 497781173
0 94930219
0 13325620
0 800696519
0 382911878
0 324742608
0 706980197
0 999590126
0 299807748
0 96586618
0 144482941
0 30829502
0 978927544
0 267658932
0 105754908
0 802670829
0 667584808
0 83649209
0 878493427
0 817632381
0 943396396
0 746554169
0 492584119
0 304481635
0 134859441
0 740748627
0 67762458
0 816644680
0 488325343
0 478903096
0 329760673
0 902649065
0 884207699
0 383288635
0 723160361
0 581655516
0 48328724
0 996933698
0 926870332
0 38337435
0 554999946
0 898621255
0 403180551
0 227001497
0 504602265
0 338102504
0 692511245
0 536741144
0 79566195
0 896969155
0 825983521
0 588058033
0 659350709
0 120257813
0 591439783
0 205499900
0 937681310
0 474234858
0 671903442
0 84884107
0 622355209
0 715901370
0 368770906
0 86436582
0 877705019
0 956096390
0 167063127
0 135549869
0 834178873
0 265151231
0 266919296
0 277091103
0 427288645
0 250495186
0 157595041
0 980730519
0 610882271
0 926970001
0 654307121
0 133023005
0 554361412
0 793249764
0 338306537
0 547838369
0 37123674
0 303136784
0 136157090
0 361159936
0 184070207
0 367670547
0 947034415
0 463950330
0 897549307
0 242602583
0 109359633
0 641417653
0 317261342
0 237661944
0 215983403
0 533086014
0 678863628
0 557150048
0 121483410
0 708158197
0 529965099
0 499735232
0 276746163
0 592465286
0 207122246
0 283700983
0 63209816
0 685235657
0 212302407
0 741071770
0 413430640
0 681392888
0 815413308
0 861665740
0 9369273
0 94966695
0 350685400
0 721366613
0 558387482
0 506759758
0 1416120
0 787024341
0 568095738
0 150129826
0 100190318
0 208683948
0 17875733
0 935606969
0 981136133
0 622702118
0 924645731
0 382356138
0 312370733
0 607795419
0 270071002
0 341300670
0 296815079
0 188629424
0 158134093
0 958542520
0 82477206
0 476978101
0 909819665
0 786158346
0 767406864
0 733977556
0 126529264
0 819900078
0 72572798
0 14690939
0 247283392
0 466647289
0 41865711
0 35476405
0 846552331
0 310840582
0 13761747
0 29382470
0 905436479
0 519569928
0 76917633
0 217412283
0 74913897
0 199895994
0 170040576
0 342646863
0 128127640
0 274655998
0 317087225
0 369993155
0 156667689
0 945185453
0 321168780
0 946527214
0 495141464
0 751964954
0 699020107
0 333055094
0 711722323
0 352110670
0 452570753
0 151603226
0 209084410
0 750691744
0 588907995
0 542327551
0 654034996
0 768521486
0 167113645
0 54325387
0 886178560
0 939346940
0 628183937
0 367996237
0 510385847
0 74185511
0 119897165
0 248687718
0 357080694
0 707669578
0 972580720
0 544080732
0 442542852
0 454335844
0 732683636
0 124427966
0 167467931
0 487267185
0 893726031
0 135558114
0 280403055
0 72101196
0 140565095
0 581798162
0 172684735
0 296150838
0 925944568
