15 200
1 0
2 0
2 1
3 0
3 1
3 2
4 0
4 1
4 2
4 3
5 0
5 1
5 2
5 3
5 4
6 0
6 1
6 2
6 3
6 4
6 5
7 0
7 1
7 2
7 3
7 4
7 5
7 6
8 0
8 1
8 2
8 3
8 4
8 5
8 6
8 7
9 0
9 1
9 2
9 3
9 4
9 5
9 6
9 7
9 8
10 0
10 1
10 2
10 3
10 4
10 5
10 6
10 7
10 8
10 9
11 0
11 1
11 2
11 3
11 4
11 5
11 6
11 7
11 8
11 9
11 10
12 0
12 1
12 2
12 3
12 4
12 5
12 6
12 7
12 8
12 9
12 10
12 11
13 0
13 1
13 2
13 3
13 4
13 5
13 6
13 7
13 8
13 9
13 10
13 11
13 12
14 0
14 1
14 2
14 3
14 4
14 5
14 6
14 7
14 8
14 9
14 10
14 11
14 12
14 13
9 9
3 11
11 9
0 9
0 4
3 1
14 3
10 11
8 1
8 11
9 5
4 2
1 10
13 12
4 7
3 9
8 6
0 0
13 12
3 9
10 12
7 8
13 3
12 1
14 8
10 9
1 8
6 4
0 4
3 13
0 2
1 14
1 11
7 2
9 13
11 12
5 5
0 4
6 5
9 0
11 7
9 13
12 13
6 8
0 9
9 4
3 6
9 4
5 7
0 12
1 5
6 14
11 6
9 3
8 1
0 6
7 12
11 6
3 3
2 7
7 11
4 7
8 3
8 2
8 0
3 11
7 9
0 1
8 9
11 7
0 9
0 12
2 4
12 13
4 5
1 6
2 12
10 7
4 1
0 7
2 14
4 6
4 9
9 9
9 0
0 6
7 13
6 9
10 4
2 7
8 0
4 1
3 14
3 14
4 2
